k = 2
{'ASDC': 0.0006812920690579611,
 'B_intermediate': 0.0316227766016838,
 'B_memory': 0.0316227766016838,
 'B_naive': 0.00031622776601683783,
 'CD14_Mono': 0.014677992676220683,  # keep
 'CD16_Mono': 0.006812920690579607,  # keep
 'CD4_CTL': 0.0316227766016838,
 'CD4_Naive': 0.046415888336127774,
 'CD4_Proliferating': 0.0009999999999999994,  # keep
 'CD4_TCM': 0.0316227766016838,
 'CD4_TEM': 0.0002154434690031884,
 'CD8_Naive': 0.003162277660168379,  # keep
 'CD8_Proliferating': 0.0006812920690579611,
 'CD8_TCM': 0.0002154434690031884,
 'CD8_TEM': 0.004641588833612776,  # keep
 'Doublet': 0.046415888336127774,
 'Eryth': 0.0002154434690031884,
 'HSPC': 0.004641588833612776,
 'ILC': 0.0002154434690031884,
 'MAIT': 0.0316227766016838,
 'NK': 0.0009999999999999994,  # keep
 'NK_CD56bright': 0.0002154434690031884,
 'NK_Proliferating': 0.0316227766016838,
 'Plasmablast': 0.0006812920690579611,
 'Platelet': 2.1544346900318816e-05,
 'Treg': 0.02154434690031883,
 'cDC1': 0.046415888336127774,
 'cDC2': 9.999999999999991e-05,
 'dnT': 0.0002154434690031884,
 'gdT': 9.999999999999991e-05,
 'pDC': 0.0021544346900318825}

 k = 3
 {'ASDC': 0.0006812920690579611,
 'B_intermediate': 0.00031622776601683783,
 'B_memory': 0.004641588833612776,  # keep
 'B_naive': 0.00031622776601683783,
 'CD14_Mono': 0.003162277660168379,
 'CD16_Mono': 0.0021544346900318825,
 'CD4_CTL': 0.0002154434690031884,
 'CD4_Naive': 0.003162277660168379,  # keep 
 'CD4_Proliferating': 0.0009999999999999994,
 'CD4_TCM': 0.003162277660168379,  # keep
 'CD4_TEM': 0.0002154434690031884,
 'CD8_Naive': 0.003162277660168379,
 'CD8_Proliferating': 3.16227766016838e-05,
 'CD8_TCM': 0.0002154434690031884,
 'CD8_TEM': 0.004641588833612776,
 'Doublet': 0.0006812920690579611,  # keep
 'Eryth': 0.0002154434690031884,
 'HSPC': 0.00031622776601683783,
 'ILC': 0.0002154434690031884,  # keep
 'MAIT': 0.00014677992676220676,
 'NK': 1.4677992676220687e-05,
 'NK_CD56bright': 0.0002154434690031884,  # keep
 'NK_Proliferating': 0.00031622776601683783,
 'Plasmablast': 0.0006812920690579611,
 'Platelet': 2.1544346900318816e-05,
 'Treg': 0.00014677992676220676,
 'cDC1': 0.0006812920690579611,
 'cDC2': 9.999999999999991e-05,  # keep
 'dnT': 0.0002154434690031884,
 'gdT': 9.999999999999991e-05,
 'pDC': 0.0009999999999999994}