Level 1
k = 2
{'B': 0.003162277660168379,
 'CD4_T': 0.00046415888336127757,
 'CD8_T': 0.009999999999999995,
 'DC': 0.00014677992676220676,
 'Mono': 0.009999999999999995,
 'NK': 0.0021544346900318825,
 'other': 0.004641588833612776,
 'other_T': 0.003162277660168379}

{'B': 80,
 'CD4_T': 959,
 'CD8_T': 40,
 'DC': 6329,
 'Mono': 36,
 'NK': 275,
 'other': 322,
 'other_T': 217}


k = 4 (various loss curve cut points)
{'DC': [2.15443469e-04, 1.46779927e-02, 1.46779927e-01]}
choose: 1.46779927e-02


Final
{"B": 0.003162277660168379, 
"CD4_T": 0.00046415888336127757, 
"CD8_T": 0.009999999999999995, 
"DC": 0.014677992676220683, 
"Mono": 0.009999999999999995, 
"NK": 0.0021544346900318825, 
"other": 0.004641588833612776, 
"other_T": 0.003162277660168379}
